0  11
1  11
2  15
3  14
4  16
5  21
6  21
7  24
8  26
9  28
10 30
11 31
12 32
13 38
14 38
15 40
16 42
17 46
18 47
19 49
20 53
21 55
22 57
23 57
24 60
25 62
26 65
27 68
28 68
29 68
30 73
31 73
32 77
33 79
34 81
35 85
36 85
37 89
38 92
39 91
40 93
41 96
42 99
43 102
44 103
45 104
46 107
47 109
48 110
49 115
50 116
51 117
52 120
53 122
54 124
55 128
56 128
57 132
58 132
59 136
60 137
61 139
62 141
63 145
64 145
65 147
66 150
67 152
68 154
69 156
70  159
71  160
72  162
73  166
74  168
75  171
76  171
77  177
78  176
79  180
80  179
81  181
82  183
83  185
84  188
85  189
86  193
87  197
88  197
89  199
90  202
91  202
92  206
93  208
94  210
95  212
96  215
97  215
98  218
99  219
100  222
101  227
102  228
103  232
104  231
105  232
106  237
107  237
108  238
109  243
110  245
111  246
112  248
113  251
114  252
115  255
116  257
117  262
118  263
119  265
120  268
121  270
122  271
123  273
124  275
125  277
126  282
127  282
128  281
129  285
130  287
131  286
132  291
133  294
134  298
135  299
136  303
137  300
138  304
139  307
140  307
141  310
142  314
143  316
144  319
145  319
146  321
147  324
148  329
149  327
150  332
151  331
152  335
153  337
154  340
155  342
156  343
157  347
158  346
159  349
160  351
161  355
162  358
163  360
164  362
165  362
166  366
167  367
168  370
169  372
170  374
171 376
