0  9
1  9
2  14
3  13
4  16
5  21
6  20
7  25
8  26
9  28
10 30
11 32
12 33
13 36
14 39
15 40
16 43
17 47
18 50
19 48
20 51
21 54
22 59
23 59
24 62
25 65
26 67
27 72
28 72
29 77
30 78
31 79
32 79
33 83
34 85
35 86
36 91
37 92
38 92
39 98
40 100
41 104
42 103
43 108
44 109
45 111
46 112
47 117
48 122
49 121
50 122
51 124
52 129
53 129
54 134
55 133
56 137
57 139
58 144
59 145
60 147
61 150
62 151
63 154
64 157
65 156
66 160
67 161
68 166
69 166
70  169
71  172
72  175
73  178
74  178
75  180
76  184
77  186
78  189
79  190
80  191
81  196
82  197
83  200
84  202
85  205
86 206
87 211
88 210
89 213
90 217
91 217
92 223
93 224
94 226
95 230
96 232
97 232
98 236
99 238
100 242
101 243
102 244
103 245
104 248
105 253
106 254
107 255
108 261
109 259
110 263
111 264
112 268
113 271
114 274
115 275
116 279
117 280
118 282
119 285
120 289
121 287
122 293
123 293
124 295
125 299
126 300
127 300
128 305
129 309
130 309
131 312
132 315
133 317
134 319
135 319
136 324
137 324
138 328
139 332
140 335
141 336
142 338
143 340
144 343
145 344
146 351
147 349
148 353
149 356
150 353
151 359
152 363
153 365
154 366
155 369
156 369
157 373
158 374
159 377
160 380
161 384
162 386
163 388
164 392
165 392
166 395
167 396
168 400
169 400
170 407
171 406
