0  9
1  10
2  16
3  16
4  18
5  18
6  21
7  23
8  25
9  27
10 31
11 32
12 34
13 36
14 40
15 39
16 44
17 45
18 48
19 48
20 52
21 54
22 56
23 58
24 60
25 62
26 64
27 68
28 68
29 70
30 70
31 74
32 78
33 78
34 81
35 85
36 84
37 89
38 88
39 92
40 92
41 94
42 100
43 101
44 104
45 104
46 107
47 109
48 112
49 110
50 117
51 119
52 119
53 122
54 122
55 127
56 129
57 132
58 135
59 134
60 138
61 139
62 139
63 144
64 146
65 149
66 151
67 151
68 152
69 158
70  156
71  160
72  163
73  166
74  168
75  172
76  172
77  172
78  176
79  179
80  179
81  183
82  186
83  187
84  188
85  192
86  193
87  196
88  196
89  201
90  202
91  201
92  206
93  210
94  213
95  210
96  216
97  216
98  220
99  223
100 225
101 225
102 229
103 231
104 230
105 235
106 238
107 238
108 241
109 242
110  248
111  246
112  251
113  250
114  255
115  256
116  257
117  262
118  261
119  262
120  267
121  269
122  270
123  270
124  274
125  276
126  279
127  282
128  284
129  286
130  288
131  291
132  293
133  293
134  295
135  297
136  299
137  302
138  303
139  305
140  309
141  312
142  317
143  317
144  317
145  320
146  323
147  323
148  325
149  331
150  331
151  334
152  337
153  339
154  342
155  341
156  344
157  346
158  349
159  349
160  353
161  356
162  355
163  359
164  360
165  364
166  364
167  367
168  372
169  372
170  374
171  377
